-86.78845876972765
-64.07841088701711
-9.68439467466771
1.0754729989502152
-0.5602882924876849
4.911404372764025
-3.1414954029401905
-3.835396212964412
-6.3768788892817785
-6.824762318531709
-7.054987875246654
-7.012563225091096
-6.89615802427056
-5.837235418232904
-4.683660449391137
-5.979180218999016
-6.247183656310178
-6.150800589854774
-6.022700313781374
-5.412632063054244
8.542773938711322
8.393550192119442
-6.110053916343155
-6.735608826264426
-6.554858641686597
-6.505495812273639
-5.85086838625466
7.901913568589405
8.22583325782783
8.71658673065641
8.023999457765951
8.764514180182415
8.321658679490458
8.725522009059993
8.651689846192998
-5.917548254009598
-6.431525738365838
-6.1798754509325455
-5.427215366070072
8.303135125172451
8.821418976098409
8.194658517588298
8.550018135969932
8.564894022877322
-6.30108256620594
-6.537441703350324
-6.381183977761571
-5.578611541547926
8.531551794719677
6.886183034564135
7.2180787712762875
8.742586566510358
-6.106943977092031
-7.1798185900965175
-7.11608063158152
-7.1435554556042735
-6.555178221977327
-6.221371295473742
8.174256172182226
-5.655209498546655
-6.665779534010327
-6.651755104102935
-6.526807223696861
-5.796579930837479
-5.269469760608821
-6.644831705859239
-7.029596535833492
-7.3921264359392875
-7.280176338692033
-7.294997451551463
-7.0607171633741395
-6.49894563020862
-5.608928648343717
-5.9428122197851305
-6.319063766481489
-6.195258203195274
-5.9499872006476195
-5.543052973585682
-6.263260069110194
-6.963008675858157
-7.028269973187808
-7.46573976714816
-6.939413729617583
-6.071223746730964
8.591346155213282
8.756804986550053
9.043420172533807
8.645802918994109
8.717977784075883
-5.484567686545246
-6.1175140971608615
-6.252084023342171
-5.829527258418359
8.976038018608998
-5.63494500779192
-5.925990535452618
-6.348426759557855
-6.350430705283889
-5.933231139359391
8.797259614621252
8.710359788261702
8.671001583559887
9.159627127461441
-5.7118773504552385
-5.9001020239747906
-5.966501783353109
-5.167831606862503
8.530278708497026
8.279189057947931
8.636971685629163
8.605946696784237
7.7451228827840515
-6.133509775424775
-6.592393271420272
-6.867759278554613
-5.908249373670445
-5.416477906588575
7.701668191052728
6.506168870494849
7.470016020385643
-4.326512658162714
-3.959147441665303
-2.295294424322897
7.203864166170042
7.060025670824357
5.401662192607202
8.397958502031992
7.796936817655708
-3.820544728252134
-3.95979310290877
-2.7386191495439256
8.92254061017454
8.611711984179085
9.119290160139588
7.213506627146028
8.870992161254838
9.125562032309373
9.48853610530621
9.54092822649688
7.52698644958286
-2.2786580187373637
-2.694404487278983
-2.6840347058376155
-0.6474245694058414
-6.524609044533463
-7.295935146701293
-7.571484124653549
-7.280030471608063
-6.831944560088134
-6.982830708014539
-7.226565244839889
-6.97039517870287
-6.882367923772635
-6.559991383601958
-6.02121913156236
9.279698094894245
9.00330165209895
9.163457417667328
9.067859829574058
9.279299904489259
9.314999805185812
9.463017972335411
8.971024797816183
9.04955307647687
9.436034546782373
9.553803477017569
8.951536094686205
9.11955405524084
8.555704139551253
8.957927433685086
9.180738006151447
8.639273829765411
9.232348542871282
8.174985328455712
7.43121563652182
9.123593461343166
8.059140160649315
8.116522787342113
8.726719123813321
9.656840523302586
8.966452385790614
8.506928696779609
8.46807634878608
8.358854622414478
9.651684371136392
8.795108408513402
9.512391919349891
8.54078362066956
9.49318886941382
9.580857979410837
9.574685248953
9.414725571755266
8.912100629180856
9.562511343423438
5.77385130829355
9.47243455112404
9.44196025310581
8.374195769863848
9.122036347356124
8.621850686482222
9.139080030464209
9.375416625894728
9.069538961529467
9.460982346006276
9.139036217997742
8.965463075424847
9.226946917140515
9.06274031454867
9.523322851770509
9.546988480955564
9.443636198283663
9.406396347950412
9.437254338007014
9.633036118315397
9.321957423334773
9.017378588842355
9.275745185282279
9.466877239742546
9.442757588191567
9.436717188864272
9.304468076397576
9.071623852235454
9.458800401802387
9.566727131899519
9.273834734514988
9.599156315271255
9.634018462452822
9.54582543356908
9.542853468397835
9.717739854437623
9.36877968490175
7.859204574174786
8.70899510659697
9.292239731075737
9.38350305143473
9.042124938060384
9.475365973046095
9.645299780366559
9.735892474243174
9.381229626225444
9.516727493551542
9.581028201791135
8.672901687592566
9.725452547875292
9.470357749853095
8.80715655304595
9.494705019726297
9.083260826930731
9.248405321835348
8.821818555502682
9.251364642259976
9.12857197418851
8.858220853851016
8.769935724053024
9.379854943998563
9.450440394016274
9.078324852117985
9.564282297672895
8.964466186666202
9.443885182666513
8.735242046370725
8.831949673379572
8.624163830323656
8.260297056970366
9.25325191593669
8.954794054370751
9.218222474221884
8.915117661122759
9.481112150000953
9.212591152817392
9.204357767855964
9.143175969396882
9.490666876204415
9.242643628011738
9.67866375270748
9.50652740178327
9.49231431232076
9.378147876117419
9.404020287113422
9.271274053812283
9.27666675407611
9.150521831471854
9.034562088784211
9.372160678695874
8.967067514088392
9.60735335450295
8.755841514717078
9.704131472693366
9.100400367351929
9.563041313926151
9.457686626916036
9.610985051010237
9.442411165173617
8.78741019232177
8.780555328685587
8.809387582397143
8.838671606866107
9.731411158086651
8.802137513823922
9.47049997588357
9.440489960877542
8.715907414318929
9.573208934728827
9.535551225916056
9.467636800386767
9.72247576133794
9.810054447839843
9.543596716396834
9.586469712236271
9.524570553717684
9.53963581219922
9.546533248796905
9.18634813548191
9.560612123209156
9.258903598914422
9.208468559584382
8.764652314616646
8.832865771165457
9.7498735786421
8.898818081530395
8.898738831796605
8.958770008902418
9.624515022059443
9.507407515288401
9.605551987507049
9.7551482552551
9.80233052218418
9.650790552808195
9.555165829296538
9.505907114064758
9.773407589813715
9.61132445308172
8.800937487255323
9.723695758944984
9.789537295952787
9.437134978079987
9.715905031509276
9.748428731309442
9.760889233021974
9.49654099798506
9.71691462645051
9.650462515844627
9.610013239395345
9.269670859644686
9.82863485835616
9.674269784298618
9.614659521378515
9.707382330801183
9.562343753858213
9.336676125624871
9.527251294768277
9.638111552182604
9.536434470966997
8.926339925468518
9.65355902949841
9.73909901082044
9.574575565812111
9.734013082709694
9.440458706074104
9.801826787478486
9.64044083026619
9.351772703726072
9.544509907734376
9.50256216933095
9.363431839184434
9.176127661244939
9.843983514497538
9.643091543203324
9.314730327229528
9.855984600885611
9.733534189949209
9.70771995387966
9.488540731374224
9.435155229419415
9.704553473614983
9.510169482516844
9.777331881321972
9.539233381329511
9.479564993220663
9.405218082309638
9.142278393481519
8.83151542105901
9.688594633900676
9.527584531954568
9.691131075821076
9.516937686375195
9.646754372854438
9.44494005277503
9.186917697299377
9.621354864122651
9.439903206122635
9.487270973581426
9.443129006131864
9.78502958357212
9.389229887215166
9.624236635841589
9.796161102130215
9.779114891467481
9.671854839797925
9.736145463805364
9.689535333471007
9.532110500462109
9.713109043919488
9.67183961323186
9.579599342400577
9.670357063563962
9.676330846494562
9.604060966266792
9.676547310982503
9.483691259901036
9.771595567192062
9.698750419658966
9.548042174318542
9.625493084157688
9.771454735067117
9.719904095912463
9.655279625757464
9.79764902887125
9.529360072970924
9.75166019070828
9.647776546264627
9.703056239696942
9.480936560366892
9.794884345765634
9.73826842084544
9.84783218563567
9.664982393673734
9.734851433753951
9.463669966192281
9.732295059959435
9.707999385550076
9.70541579234549
9.751405016872882
9.77722689937238
9.86786299342534
9.716138313238547
9.789197476288518
9.78133846620507
9.77210317711918
9.839788249032926
9.208203100063843
9.810372137401663
9.857172749463194
9.698242132123793
9.809093877415062
9.577002996847968
9.795764457267316
9.85450614992508
9.780396171589528
9.756636830113036
9.84927661368246
9.7950324008154
9.747748682131931
9.757604741058941
9.617555919963747
9.596909531868224
9.784880174355296
9.814259580938892
9.78224565563132
9.698136129381462
9.771955159051045
9.806448375225491
9.576656319530674
9.632895896498386
9.833118250180629
9.813941202492218
9.791871431821532
9.577595013545697
9.50088778565679
9.62144655815209
9.733935716159053
9.60220627219333
9.686601868409744
9.669375166691218
9.624977442633119
9.843192048720102
9.808885151045418
9.6645510623419
9.77029145547845
9.75303681250272
9.359405300513059
9.576763747663605
9.807537515557769
-6.516984060979017
9.73471358594801
-7.0367103864565586
9.619497795905222
9.581490581058484
-7.08090706587046
-7.103405623406063
-7.05124337268623
-6.444827464435813
-6.1700294528491755
-6.154708635557746
-6.168674515896385
-5.574098544009607
8.910480443097326
8.829878793499837
9.11633416797975
8.134680249981832
9.22842375935318
9.451394430119159
9.429291148288666
9.42557786114314
9.26280649196197
9.445953927952555
9.112810922557674
9.088102697598936
9.41847157596306
9.150088339957879
9.213642549211299
9.396855127361992
9.205035196082505
8.941922630396665
8.473163423881777
9.063797220705158
8.901899970727778
9.303136866952793
8.986721691988759
9.322115704813516
9.310751953959622
9.267462776396211
9.058518219329049
9.409169820595118
9.42618461145103
9.44157920962251
9.267001632017452
9.224579179385515
9.565535367121775
9.391318208148677
9.619775610195727
9.27217443579672
9.310529380489182
8.968560781366683
9.432208709680193
9.73841685063432
9.619028412464392
9.651191554908277
9.472778647108592
9.598617015860038
9.67975824251674
9.565965049374057
9.670774394714789
9.604063237960874
9.646551699780083
9.646670972019274
9.635662681592693
9.624456624732863
9.594460465839648
9.723775814932209
9.526839303818306
9.610388446487995
9.757127396878694
9.778256083329119
9.768183590107942
9.782198656175396
9.719741946439184
9.473131861546447
9.66786602320308
9.691974712813344
9.540572824793239
9.631886197427741
9.634332285654542
9.58205781872201
9.493934640653471
9.567641885351176
9.800611662882407
9.760761456738093
9.629840562456863
9.550240901467905
9.728280235644636
9.626582602693842
9.782490363840802
9.847772076295184
9.734523610005487
9.818601150130062
9.774577147603699
9.85574848559019
9.852202828591578
9.736610613637932
9.706729773155272
9.786913190899876
9.691580549062024
9.858861239769128
9.865628275185486
9.883292962373021
9.801687216573074
9.805951831207215
9.826689875311809
9.665338979099332
9.857477631505448
9.85503656485678
9.891961065622029
9.79587334315137
9.78521837525799
9.82278880955138
9.850785522839185
9.864776339092101
9.730684486203607
9.895830750779217
9.817992475047882
9.812803850925011
9.70803520995014
9.841812906413061
9.859492049523974
9.872989169542329
9.732214779024885
9.888159521132064
9.756294973242492
9.799390542349204
9.677391195902032
9.626153900520448
9.867247616639151
9.666685827053703
9.89204718282958
9.579332722255659
9.105162259687562
9.63213522194611
9.71470027857592
9.880269927624132
9.734551319691244
9.398927064150495
9.71662127042115
9.763347560856788
9.814968329256859
9.643301071433973
9.73038012051941
-5.708347394167215
9.662706786695532
9.869838154882775
9.6478684574916
9.654838959779315
9.668716954978997
9.4169968786787
9.647643364611508
9.840655115893085
9.750393425507221
9.667048669539488
9.557227879072569
9.053472175082318
9.42058320711381
9.75384660155298
9.802853561704774
9.453203199267232
9.547536212729456
9.715096177466345
9.705351390694409
9.313920759814023
9.690455268061694
9.518228657393738
9.619303810784793
9.541156155435088
9.734334966486706
9.220837695915597
9.695659971011516
9.721673207970971
9.388877081279787
9.776497639187358
9.723445240475638
9.695668159652897
9.765785479751441
9.63727016538647
9.704583347320897
9.700179127006821
9.686841021071404
9.728932115259376
9.654738424645906
9.7671116461783
9.80135733178395
9.730699621440811
9.59370584298722
9.45887832090916
9.692709256358757
9.819651390958029
9.867075967731264
9.853897579947335
9.787892365717836
9.815362612837314
9.876289971276735
9.807506294240362
9.73511775207487
9.728431098225792
0.0
0.0
0.0
0.0
0.0
0.0
0.0
0.0
0.0
0.0
0.0
0.0
0.0
0.0
0.0
0.0
0.0
0.0
0.0
0.0
0.0
0.0
0.0
0.0
0.0
0.0
0.0
0.0
0.0
0.0
0.0
0.0
0.0
0.0
0.0
0.0
0.0
0.0
0.0
0.0
0.0
0.0
0.0
0.0
0.0
0.0
0.0
0.0
0.0
0.0
0.0
0.0
0.0
0.0
0.0
0.0
0.0
0.0
0.0
0.0
0.0
0.0
0.0
0.0
0.0
0.0
0.0
0.0
0.0
0.0
0.0
0.0
0.0
0.0
0.0
0.0
0.0
0.0
0.0
0.0
0.0
0.0
0.0
0.0
0.0
0.0
0.0
0.0
0.0
0.0
0.0
0.0
0.0
0.0
0.0
0.0
0.0
0.0
0.0
0.0
0.0
0.0
0.0
0.0
0.0
0.0
0.0
0.0
0.0
0.0
0.0
0.0
0.0
0.0
0.0
0.0
0.0
0.0
0.0
0.0
0.0
0.0
0.0
0.0
0.0
0.0
0.0
0.0
0.0
0.0
0.0
0.0
0.0
0.0
0.0
0.0
0.0
0.0
0.0
0.0
0.0
0.0
0.0
0.0
0.0
0.0
0.0
0.0
0.0
0.0
0.0
0.0
0.0
0.0
0.0
0.0
0.0
0.0
0.0
0.0
0.0
0.0
0.0
0.0
0.0
0.0
0.0
0.0
0.0
0.0
0.0
0.0
0.0
0.0
0.0
0.0
0.0
0.0
0.0
0.0
0.0
0.0
0.0
0.0
0.0
0.0
0.0
0.0
0.0
0.0
0.0
0.0
0.0
0.0
0.0
0.0
0.0
0.0
0.0
0.0
0.0
0.0
0.0
0.0
0.0
0.0
0.0
0.0
0.0
0.0
0.0
0.0
0.0
0.0
0.0
0.0
0.0
0.0
0.0
0.0
0.0
0.0
0.0
0.0
0.0
0.0
0.0
0.0
0.0
0.0
0.0
0.0
0.0
0.0
0.0
0.0
0.0
0.0
0.0
0.0
0.0
0.0
0.0
0.0
0.0
0.0
0.0
0.0
0.0
0.0
0.0
0.0
0.0
0.0
0.0
0.0
0.0
0.0
0.0
0.0
0.0
0.0
0.0
0.0
0.0
0.0
0.0
0.0
0.0
0.0
0.0
0.0
0.0
0.0
0.0
0.0
0.0
0.0
0.0
0.0
0.0
0.0
0.0
0.0
0.0
0.0
0.0
0.0
0.0
0.0
0.0
0.0
0.0
0.0
0.0
0.0
0.0
0.0
0.0
0.0
0.0
0.0
0.0
0.0
0.0
0.0
0.0
0.0
0.0
0.0
0.0
0.0
0.0
0.0
0.0
0.0
0.0
0.0
